864
216
     -10.951181	       1.035191	       0.000000
     -11.000000	       0.000000	       0.000000
      -3.250000	       0.000000	       0.000000
      -3.235576	       0.305852	       0.000000
     -10.814712	       2.010478	       0.000000
     -10.951181	       1.035191	       0.000000
      -3.235576	       0.305852	       0.000000
      -3.195256	       0.594005	       0.000000
     -10.594425	       2.959419	       0.000000
     -10.814712	       2.010478	       0.000000
      -3.195256	       0.594005	       0.000000
      -3.130171	       0.874374	       0.000000
     -10.291046	       3.885148	       0.000000
     -10.594425	       2.959419	       0.000000
      -3.130171	       0.874374	       0.000000
      -3.040536	       1.147885	       0.000000
      -9.906953	       4.780406	       0.000000
     -10.291046	       3.885148	       0.000000
      -3.040536	       1.147885	       0.000000
      -2.927054	       1.412393	       0.000000
      -9.453041	       5.624946	       0.000000
      -9.906953	       4.780406	       0.000000
      -2.927054	       1.412393	       0.000000
      -2.792944	       1.661916	       0.000000
      -8.933870	       6.417630	       0.000000
      -9.453041	       5.624946	       0.000000
      -2.792944	       1.661916	       0.000000
      -2.639552	       1.896118	       0.000000
      -8.348404	       7.162691	       0.000000
      -8.933870	       6.417630	       0.000000
      -2.639552	       1.896118	       0.000000
      -2.466574	       2.116250	       0.000000
      -7.700989	       7.854601	       0.000000
      -8.348404	       7.162691	       0.000000
      -2.466574	       2.116250	       0.000000
      -2.275292	       2.320678	       0.000000
      -6.996428	       8.488227	       0.000000
      -7.700989	       7.854601	       0.000000
      -2.275292	       2.320678	       0.000000
      -2.067127	       2.507885	       0.000000
      -6.239950	       9.058865	       0.000000
      -6.996428	       8.488227	       0.000000
      -2.067127	       2.507885	       0.000000
      -1.843622	       2.676483	       0.000000
      -5.437168	       9.562280	       0.000000
      -6.239950	       9.058865	       0.000000
      -1.843622	       2.676483	       0.000000
      -1.606436	       2.825219	       0.000000
      -4.594039	       9.994739	       0.000000
      -5.437168	       9.562280	       0.000000
      -1.606436	       2.825219	       0.000000
      -1.357330	       2.952991	       0.000000
      -3.716820	      10.353031	       0.000000
      -4.594039	       9.994739	       0.000000
      -1.357330	       2.952991	       0.000000
      -1.098151	       3.058850	       0.000000
      -2.812021	      10.634498	       0.000000
      -3.716820	      10.353031	       0.000000
      -1.098151	       3.058850	       0.000000
      -0.830824	       3.142011	       0.000000
      -1.886354	      10.837050	       0.000000
      -2.812021	      10.634498	       0.000000
      -0.830824	       3.142011	       0.000000
      -0.557332	       3.201856	       0.000000
      -0.884926	      10.964347	       0.000000
      -1.886354	      10.837050	       0.000000
      -0.557332	       3.201856	       0.000000
      -0.261456	       3.239466	       0.000000
       0.000000	      11.000000	       0.000000
      -0.884926	      10.964347	       0.000000
      -0.261456	       3.239466	       0.000000
       0.000000	       3.250000	       0.000000
       1.035191	      10.951181	       0.000000
       0.000000	      11.000000	       0.000000
       0.000000	       3.250000	       0.000000
       0.305852	       3.235576	       0.000000
       2.010478	      10.814712	       0.000000
       1.035191	      10.951181	       0.000000
       0.305852	       3.235576	       0.000000
       0.594005	       3.195256	       0.000000
       2.959419	      10.594425	       0.000000
       2.010478	      10.814712	       0.000000
       0.594005	       3.195256	       0.000000
       0.874374	       3.130171	       0.000000
       3.885148	      10.291046	       0.000000
       2.959419	      10.594425	       0.000000
       0.874374	       3.130171	       0.000000
       1.147885	       3.040536	       0.000000
       4.780406	       9.906953	       0.000000
       3.885148	      10.291046	       0.000000
       1.147885	       3.040536	       0.000000
       1.412393	       2.927054	       0.000000
       5.624946	       9.453041	       0.000000
       4.780406	       9.906953	       0.000000
       1.412393	       2.927054	       0.000000
       1.661916	       2.792944	       0.000000
       6.417630	       8.933870	       0.000000
       5.624946	       9.453041	       0.000000
       1.661916	       2.792944	       0.000000
       1.896118	       2.639552	       0.000000
       7.162691	       8.348404	       0.000000
       6.417630	       8.933870	       0.000000
       1.896118	       2.639552	       0.000000
       2.116250	       2.466574	       0.000000
       7.854601	       7.700989	       0.000000
       7.162691	       8.348404	       0.000000
       2.116250	       2.466574	       0.000000
       2.320678	       2.275292	       0.000000
       8.488227	       6.996428	       0.000000
       7.854601	       7.700989	       0.000000
       2.320678	       2.275292	       0.000000
       2.507885	       2.067127	       0.000000
       9.058865	       6.239950	       0.000000
       8.488227	       6.996428	       0.000000
       2.507885	       2.067127	       0.000000
       2.676483	       1.843622	       0.000000
       9.562280	       5.437168	       0.000000
       9.058865	       6.239950	       0.000000
       2.676483	       1.843622	       0.000000
       2.825219	       1.606436	       0.000000
       9.994739	       4.594039	       0.000000
       9.562280	       5.437168	       0.000000
       2.825219	       1.606436	       0.000000
       2.952991	       1.357330	       0.000000
      10.353031	       3.716820	       0.000000
       9.994739	       4.594039	       0.000000
       2.952991	       1.357330	       0.000000
       3.058850	       1.098151	       0.000000
      10.634498	       2.812021	       0.000000
      10.353031	       3.716820	       0.000000
       3.058850	       1.098151	       0.000000
       3.142011	       0.830824	       0.000000
      10.837050	       1.886354	       0.000000
      10.634498	       2.812021	       0.000000
       3.142011	       0.830824	       0.000000
       3.201856	       0.557332	       0.000000
      10.964347	       0.884926	       0.000000
      10.837050	       1.886354	       0.000000
       3.201856	       0.557332	       0.000000
       3.239466	       0.261456	       0.000000
      11.000000	       0.000000	       0.000000
      10.964347	       0.884926	       0.000000
       3.239466	       0.261456	       0.000000
       3.250000	       0.000000	       0.000000
     -10.951181	       1.035191	      -2.000000
     -11.000000	       0.000000	      -2.000000
     -11.000000	       0.000000	       0.000000
     -10.951181	       1.035191	       0.000000
     -10.814712	       2.010478	      -2.000000
     -10.951181	       1.035191	      -2.000000
     -10.951181	       1.035191	       0.000000
     -10.814712	       2.010478	       0.000000
     -10.594425	       2.959419	      -2.000000
     -10.814712	       2.010478	      -2.000000
     -10.814712	       2.010478	       0.000000
     -10.594425	       2.959419	       0.000000
     -10.291046	       3.885148	      -2.000000
     -10.594425	       2.959419	      -2.000000
     -10.594425	       2.959419	       0.000000
     -10.291046	       3.885148	       0.000000
      -9.906953	       4.780406	      -2.000000
     -10.291046	       3.885148	      -2.000000
     -10.291046	       3.885148	       0.000000
      -9.906953	       4.780406	       0.000000
      -9.453041	       5.624946	      -2.000000
      -9.906953	       4.780406	      -2.000000
      -9.906953	       4.780406	       0.000000
      -9.453041	       5.624946	       0.000000
      -8.933870	       6.417630	      -2.000000
      -9.453041	       5.624946	      -2.000000
      -9.453041	       5.624946	       0.000000
      -8.933870	       6.417630	       0.000000
      -8.348404	       7.162691	      -2.000000
      -8.933870	       6.417630	      -2.000000
      -8.933870	       6.417630	       0.000000
      -8.348404	       7.162691	       0.000000
      -7.700989	       7.854601	      -2.000000
      -8.348404	       7.162691	      -2.000000
      -8.348404	       7.162691	       0.000000
      -7.700989	       7.854601	       0.000000
      -6.996428	       8.488227	      -2.000000
      -7.700989	       7.854601	      -2.000000
      -7.700989	       7.854601	       0.000000
      -6.996428	       8.488227	       0.000000
      -6.239950	       9.058865	      -2.000000
      -6.996428	       8.488227	      -2.000000
      -6.996428	       8.488227	       0.000000
      -6.239950	       9.058865	       0.000000
      -5.437168	       9.562280	      -2.000000
      -6.239950	       9.058865	      -2.000000
      -6.239950	       9.058865	       0.000000
      -5.437168	       9.562280	       0.000000
      -4.594039	       9.994739	      -2.000000
      -5.437168	       9.562280	      -2.000000
      -5.437168	       9.562280	       0.000000
      -4.594039	       9.994739	       0.000000
      -3.716820	      10.353031	      -2.000000
      -4.594039	       9.994739	      -2.000000
      -4.594039	       9.994739	       0.000000
      -3.716820	      10.353031	       0.000000
      -2.812021	      10.634498	      -2.000000
      -3.716820	      10.353031	      -2.000000
      -3.716820	      10.353031	       0.000000
      -2.812021	      10.634498	       0.000000
      -1.886354	      10.837050	      -2.000000
      -2.812021	      10.634498	      -2.000000
      -2.812021	      10.634498	       0.000000
      -1.886354	      10.837050	       0.000000
      -0.884926	      10.964347	      -2.000000
      -1.886354	      10.837050	      -2.000000
      -1.886354	      10.837050	       0.000000
      -0.884926	      10.964347	       0.000000
       0.000000	      11.000000	      -2.000000
      -0.884926	      10.964347	      -2.000000
      -0.884926	      10.964347	       0.000000
       0.000000	      11.000000	       0.000000
       1.035191	      10.951181	      -2.000000
       0.000000	      11.000000	      -2.000000
       0.000000	      11.000000	       0.000000
       1.035191	      10.951181	       0.000000
       2.010478	      10.814712	      -2.000000
       1.035191	      10.951181	      -2.000000
       1.035191	      10.951181	       0.000000
       2.010478	      10.814712	       0.000000
       2.959419	      10.594425	      -2.000000
       2.010478	      10.814712	      -2.000000
       2.010478	      10.814712	       0.000000
       2.959419	      10.594425	       0.000000
       3.885148	      10.291046	      -2.000000
       2.959419	      10.594425	      -2.000000
       2.959419	      10.594425	       0.000000
       3.885148	      10.291046	       0.000000
       4.780406	       9.906953	      -2.000000
       3.885148	      10.291046	      -2.000000
       3.885148	      10.291046	       0.000000
       4.780406	       9.906953	       0.000000
       5.624946	       9.453041	      -2.000000
       4.780406	       9.906953	      -2.000000
       4.780406	       9.906953	       0.000000
       5.624946	       9.453041	       0.000000
       6.417630	       8.933870	      -2.000000
       5.624946	       9.453041	      -2.000000
       5.624946	       9.453041	       0.000000
       6.417630	       8.933870	       0.000000
       7.162691	       8.348404	      -2.000000
       6.417630	       8.933870	      -2.000000
       6.417630	       8.933870	       0.000000
       7.162691	       8.348404	       0.000000
       7.854601	       7.700989	      -2.000000
       7.162691	       8.348404	      -2.000000
       7.162691	       8.348404	       0.000000
       7.854601	       7.700989	       0.000000
       8.488227	       6.996428	      -2.000000
       7.854601	       7.700989	      -2.000000
       7.854601	       7.700989	       0.000000
       8.488227	       6.996428	       0.000000
       9.058865	       6.239950	      -2.000000
       8.488227	       6.996428	      -2.000000
       8.488227	       6.996428	       0.000000
       9.058865	       6.239950	       0.000000
       9.562280	       5.437168	      -2.000000
       9.058865	       6.239950	      -2.000000
       9.058865	       6.239950	       0.000000
       9.562280	       5.437168	       0.000000
       9.994739	       4.594039	      -2.000000
       9.562280	       5.437168	      -2.000000
       9.562280	       5.437168	       0.000000
       9.994739	       4.594039	       0.000000
      10.353031	       3.716820	      -2.000000
       9.994739	       4.594039	      -2.000000
       9.994739	       4.594039	       0.000000
      10.353031	       3.716820	       0.000000
      10.634498	       2.812021	      -2.000000
      10.353031	       3.716820	      -2.000000
      10.353031	       3.716820	       0.000000
      10.634498	       2.812021	       0.000000
      10.837050	       1.886354	      -2.000000
      10.634498	       2.812021	      -2.000000
      10.634498	       2.812021	       0.000000
      10.837050	       1.886354	       0.000000
      10.964347	       0.884926	      -2.000000
      10.837050	       1.886354	      -2.000000
      10.837050	       1.886354	       0.000000
      10.964347	       0.884926	       0.000000
      11.000000	       0.000000	      -2.000000
      10.964347	       0.884926	      -2.000000
      10.964347	       0.884926	       0.000000
      11.000000	       0.000000	       0.000000
      -7.964496	       0.752867	      -2.500000
      -8.000000	       0.000000	      -2.500000
     -11.000000	       0.000000	      -2.000000
     -10.951181	       1.035191	      -2.000000
      -4.977810	       0.470542	      -3.000000
      -5.000000	       0.000000	      -3.000000
      -8.000000	       0.000000	      -2.500000
      -7.964496	       0.752867	      -2.500000
      -7.865244	       1.462166	      -2.500000
      -7.964496	       0.752867	      -2.500000
     -10.951181	       1.035191	      -2.000000
     -10.814712	       2.010478	      -2.000000
      -4.915778	       0.913854	      -3.000000
      -4.977810	       0.470542	      -3.000000
      -7.964496	       0.752867	      -2.500000
      -7.865244	       1.462166	      -2.500000
      -7.705036	       2.152304	      -2.500000
      -7.865244	       1.462166	      -2.500000
     -10.814712	       2.010478	      -2.000000
     -10.594425	       2.959419	      -2.000000
      -4.815648	       1.345190	      -3.000000
      -4.915778	       0.913854	      -3.000000
      -7.865244	       1.462166	      -2.500000
      -7.705036	       2.152304	      -2.500000
      -7.484397	       2.825562	      -2.500000
      -7.705036	       2.152304	      -2.500000
     -10.594425	       2.959419	      -2.000000
     -10.291046	       3.885148	      -2.000000
      -4.677748	       1.765976	      -3.000000
      -4.815648	       1.345190	      -3.000000
      -7.705036	       2.152304	      -2.500000
      -7.484397	       2.825562	      -2.500000
      -7.205057	       3.476659	      -2.500000
      -7.484397	       2.825562	      -2.500000
     -10.291046	       3.885148	      -2.000000
      -9.906953	       4.780406	      -2.000000
      -4.503160	       2.172912	      -3.000000
      -4.677748	       1.765976	      -3.000000
      -7.484397	       2.825562	      -2.500000
      -7.205057	       3.476659	      -2.500000
      -6.874939	       4.090869	      -2.500000
      -7.205057	       3.476659	      -2.500000
      -9.906953	       4.780406	      -2.000000
      -9.453041	       5.624946	      -2.000000
      -4.296837	       2.556793	      -3.000000
      -4.503160	       2.172912	      -3.000000
      -7.205057	       3.476659	      -2.500000
      -6.874939	       4.090869	      -2.500000
      -6.497360	       4.667367	      -2.500000
      -6.874939	       4.090869	      -2.500000
      -9.453041	       5.624946	      -2.000000
      -8.933870	       6.417630	      -2.000000
      -4.060850	       2.917104	      -3.000000
      -4.296837	       2.556793	      -3.000000
      -6.874939	       4.090869	      -2.500000
      -6.497360	       4.667367	      -2.500000
      -6.071567	       5.209230	      -2.500000
      -6.497360	       4.667367	      -2.500000
      -8.933870	       6.417630	      -2.000000
      -8.348404	       7.162691	      -2.000000
      -3.794729	       3.255769	      -3.000000
      -4.060850	       2.917104	      -3.000000
      -6.497360	       4.667367	      -2.500000
      -6.071567	       5.209230	      -2.500000
      -5.600719	       5.712438	      -2.500000
      -6.071567	       5.209230	      -2.500000
      -8.348404	       7.162691	      -2.000000
      -7.700989	       7.854601	      -2.000000
      -3.500450	       3.570273	      -3.000000
      -3.794729	       3.255769	      -3.000000
      -6.071567	       5.209230	      -2.500000
      -5.600719	       5.712438	      -2.500000
      -5.088312	       6.173255	      -2.500000
      -5.600719	       5.712438	      -2.500000
      -7.700989	       7.854601	      -2.000000
      -6.996428	       8.488227	      -2.000000
      -3.180195	       3.858285	      -3.000000
      -3.500450	       3.570273	      -3.000000
      -5.600719	       5.712438	      -2.500000
      -5.088312	       6.173255	      -2.500000
      -4.538146	       6.588265	      -2.500000
      -5.088312	       6.173255	      -2.500000
      -6.996428	       8.488227	      -2.000000
      -6.239950	       9.058865	      -2.000000
      -2.836341	       4.117666	      -3.000000
      -3.180195	       3.858285	      -3.000000
      -5.088312	       6.173255	      -2.500000
      -4.538146	       6.588265	      -2.500000
      -3.954304	       6.954386	      -2.500000
      -4.538146	       6.588265	      -2.500000
      -6.239950	       9.058865	      -2.000000
      -5.437168	       9.562280	      -2.000000
      -2.471440	       4.346491	      -3.000000
      -2.836341	       4.117666	      -3.000000
      -4.538146	       6.588265	      -2.500000
      -3.954304	       6.954386	      -2.500000
      -3.341120	       7.268901	      -2.500000
      -3.954304	       6.954386	      -2.500000
      -5.437168	       9.562280	      -2.000000
      -4.594039	       9.994739	      -2.000000
      -2.088200	       4.543063	      -3.000000
      -2.471440	       4.346491	      -3.000000
      -3.954304	       6.954386	      -2.500000
      -3.341120	       7.268901	      -2.500000
      -2.703142	       7.529477	      -2.500000
      -3.341120	       7.268901	      -2.500000
      -4.594039	       9.994739	      -2.000000
      -3.716820	      10.353031	      -2.000000
      -1.689464	       4.705923	      -3.000000
      -2.088200	       4.543063	      -3.000000
      -3.341120	       7.268901	      -2.500000
      -2.703142	       7.529477	      -2.500000
      -2.045106	       7.734180	      -2.500000
      -2.703142	       7.529477	      -2.500000
      -3.716820	      10.353031	      -2.000000
      -2.812021	      10.634498	      -2.000000
      -1.278191	       4.833863	      -3.000000
      -1.689464	       4.705923	      -3.000000
      -2.703142	       7.529477	      -2.500000
      -2.045106	       7.734180	      -2.500000
      -1.371894	       7.881492	      -2.500000
      -2.045106	       7.734180	      -2.500000
      -2.812021	      10.634498	      -2.000000
      -1.886354	      10.837050	      -2.000000
      -0.857434	       4.925932	      -3.000000
      -1.278191	       4.833863	      -3.000000
      -2.045106	       7.734180	      -2.500000
      -1.371894	       7.881492	      -2.500000
      -0.643583	       7.974071	      -2.500000
      -1.371894	       7.881492	      -2.500000
      -1.886354	      10.837050	      -2.000000
      -0.884926	      10.964347	      -2.000000
      -0.402239	       4.983794	      -3.000000
      -0.857434	       4.925932	      -3.000000
      -1.371894	       7.881492	      -2.500000
      -0.643583	       7.974071	      -2.500000
       0.000000	       8.000000	      -2.500000
      -0.643583	       7.974071	      -2.500000
      -0.884926	      10.964347	      -2.000000
       0.000000	      11.000000	      -2.000000
       0.000000	       5.000000	      -3.000000
      -0.402239	       4.983794	      -3.000000
      -0.643583	       7.974071	      -2.500000
       0.000000	       8.000000	      -2.500000
       0.752867	       7.964496	      -2.500000
       0.000000	       8.000000	      -2.500000
       0.000000	      11.000000	      -2.000000
       1.035191	      10.951181	      -2.000000
       0.470542	       4.977810	      -3.000000
       0.000000	       5.000000	      -3.000000
       0.000000	       8.000000	      -2.500000
       0.752867	       7.964496	      -2.500000
       1.462166	       7.865244	      -2.500000
       0.752867	       7.964496	      -2.500000
       1.035191	      10.951181	      -2.000000
       2.010478	      10.814712	      -2.000000
       0.913854	       4.915778	      -3.000000
       0.470542	       4.977810	      -3.000000
       0.752867	       7.964496	      -2.500000
       1.462166	       7.865244	      -2.500000
       2.152304	       7.705036	      -2.500000
       1.462166	       7.865244	      -2.500000
       2.010478	      10.814712	      -2.000000
       2.959419	      10.594425	      -2.000000
       1.345190	       4.815648	      -3.000000
       0.913854	       4.915778	      -3.000000
       1.462166	       7.865244	      -2.500000
       2.152304	       7.705036	      -2.500000
       2.825562	       7.484397	      -2.500000
       2.152304	       7.705036	      -2.500000
       2.959419	      10.594425	      -2.000000
       3.885148	      10.291046	      -2.000000
       1.765976	       4.677748	      -3.000000
       1.345190	       4.815648	      -3.000000
       2.152304	       7.705036	      -2.500000
       2.825562	       7.484397	      -2.500000
       3.476659	       7.205057	      -2.500000
       2.825562	       7.484397	      -2.500000
       3.885148	      10.291046	      -2.000000
       4.780406	       9.906953	      -2.000000
       2.172912	       4.503160	      -3.000000
       1.765976	       4.677748	      -3.000000
       2.825562	       7.484397	      -2.500000
       3.476659	       7.205057	      -2.500000
       4.090869	       6.874939	      -2.500000
       3.476659	       7.205057	      -2.500000
       4.780406	       9.906953	      -2.000000
       5.624946	       9.453041	      -2.000000
       2.556793	       4.296837	      -3.000000
       2.172912	       4.503160	      -3.000000
       3.476659	       7.205057	      -2.500000
       4.090869	       6.874939	      -2.500000
       4.667367	       6.497360	      -2.500000
       4.090869	       6.874939	      -2.500000
       5.624946	       9.453041	      -2.000000
       6.417630	       8.933870	      -2.000000
       2.917104	       4.060850	      -3.000000
       2.556793	       4.296837	      -3.000000
       4.090869	       6.874939	      -2.500000
       4.667367	       6.497360	      -2.500000
       5.209230	       6.071567	      -2.500000
       4.667367	       6.497360	      -2.500000
       6.417630	       8.933870	      -2.000000
       7.162691	       8.348404	      -2.000000
       3.255769	       3.794729	      -3.000000
       2.917104	       4.060850	      -3.000000
       4.667367	       6.497360	      -2.500000
       5.209230	       6.071567	      -2.500000
       5.712438	       5.600719	      -2.500000
       5.209230	       6.071567	      -2.500000
       7.162691	       8.348404	      -2.000000
       7.854601	       7.700989	      -2.000000
       3.570273	       3.500450	      -3.000000
       3.255769	       3.794729	      -3.000000
       5.209230	       6.071567	      -2.500000
       5.712438	       5.600719	      -2.500000
       6.173255	       5.088312	      -2.500000
       5.712438	       5.600719	      -2.500000
       7.854601	       7.700989	      -2.000000
       8.488227	       6.996428	      -2.000000
       3.858285	       3.180195	      -3.000000
       3.570273	       3.500450	      -3.000000
       5.712438	       5.600719	      -2.500000
       6.173255	       5.088312	      -2.500000
       6.588265	       4.538146	      -2.500000
       6.173255	       5.088312	      -2.500000
       8.488227	       6.996428	      -2.000000
       9.058865	       6.239950	      -2.000000
       4.117666	       2.836341	      -3.000000
       3.858285	       3.180195	      -3.000000
       6.173255	       5.088312	      -2.500000
       6.588265	       4.538146	      -2.500000
       6.954386	       3.954304	      -2.500000
       6.588265	       4.538146	      -2.500000
       9.058865	       6.239950	      -2.000000
       9.562280	       5.437168	      -2.000000
       4.346491	       2.471440	      -3.000000
       4.117666	       2.836341	      -3.000000
       6.588265	       4.538146	      -2.500000
       6.954386	       3.954304	      -2.500000
       7.268901	       3.341120	      -2.500000
       6.954386	       3.954304	      -2.500000
       9.562280	       5.437168	      -2.000000
       9.994739	       4.594039	      -2.000000
       4.543063	       2.088200	      -3.000000
       4.346491	       2.471440	      -3.000000
       6.954386	       3.954304	      -2.500000
       7.268901	       3.341120	      -2.500000
       7.529477	       2.703142	      -2.500000
       7.268901	       3.341120	      -2.500000
       9.994739	       4.594039	      -2.000000
      10.353031	       3.716820	      -2.000000
       4.705923	       1.689464	      -3.000000
       4.543063	       2.088200	      -3.000000
       7.268901	       3.341120	      -2.500000
       7.529477	       2.703142	      -2.500000
       7.734180	       2.045106	      -2.500000
       7.529477	       2.703142	      -2.500000
      10.353031	       3.716820	      -2.000000
      10.634498	       2.812021	      -2.000000
       4.833863	       1.278191	      -3.000000
       4.705923	       1.689464	      -3.000000
       7.529477	       2.703142	      -2.500000
       7.734180	       2.045106	      -2.500000
       7.881492	       1.371894	      -2.500000
       7.734180	       2.045106	      -2.500000
      10.634498	       2.812021	      -2.000000
      10.837050	       1.886354	      -2.000000
       4.925932	       0.857434	      -3.000000
       4.833863	       1.278191	      -3.000000
       7.734180	       2.045106	      -2.500000
       7.881492	       1.371894	      -2.500000
       7.974071	       0.643583	      -2.500000
       7.881492	       1.371894	      -2.500000
      10.837050	       1.886354	      -2.000000
      10.964347	       0.884926	      -2.000000
       4.983794	       0.402239	      -3.000000
       4.925932	       0.857434	      -3.000000
       7.881492	       1.371894	      -2.500000
       7.974071	       0.643583	      -2.500000
       8.000000	       0.000000	      -2.500000
       7.974071	       0.643583	      -2.500000
      10.964347	       0.884926	      -2.000000
      11.000000	       0.000000	      -2.000000
       5.000000	       0.000000	      -3.000000
       4.983794	       0.402239	      -3.000000
       7.974071	       0.643583	      -2.500000
       8.000000	       0.000000	      -2.500000
      -3.235576	       0.305852	      -3.000000
      -3.250000	       0.000000	      -3.000000
      -5.000000	       0.000000	      -3.000000
      -4.977810	       0.470542	      -3.000000
      -3.195256	       0.594005	      -3.000000
      -3.235576	       0.305852	      -3.000000
      -4.977810	       0.470542	      -3.000000
      -4.915778	       0.913854	      -3.000000
      -3.130171	       0.874374	      -3.000000
      -3.195256	       0.594005	      -3.000000
      -4.915778	       0.913854	      -3.000000
      -4.815648	       1.345190	      -3.000000
      -3.040536	       1.147885	      -3.000000
      -3.130171	       0.874374	      -3.000000
      -4.815648	       1.345190	      -3.000000
      -4.677748	       1.765976	      -3.000000
      -2.927054	       1.412393	      -3.000000
      -3.040536	       1.147885	      -3.000000
      -4.677748	       1.765976	      -3.000000
      -4.503160	       2.172912	      -3.000000
      -2.792944	       1.661916	      -3.000000
      -2.927054	       1.412393	      -3.000000
      -4.503160	       2.172912	      -3.000000
      -4.296837	       2.556793	      -3.000000
      -2.639552	       1.896118	      -3.000000
      -2.792944	       1.661916	      -3.000000
      -4.296837	       2.556793	      -3.000000
      -4.060850	       2.917104	      -3.000000
      -2.466574	       2.116250	      -3.000000
      -2.639552	       1.896118	      -3.000000
      -4.060850	       2.917104	      -3.000000
      -3.794729	       3.255769	      -3.000000
      -2.275292	       2.320678	      -3.000000
      -2.466574	       2.116250	      -3.000000
      -3.794729	       3.255769	      -3.000000
      -3.500450	       3.570273	      -3.000000
      -2.067127	       2.507885	      -3.000000
      -2.275292	       2.320678	      -3.000000
      -3.500450	       3.570273	      -3.000000
      -3.180195	       3.858285	      -3.000000
      -1.843622	       2.676483	      -3.000000
      -2.067127	       2.507885	      -3.000000
      -3.180195	       3.858285	      -3.000000
      -2.836341	       4.117666	      -3.000000
      -1.606436	       2.825219	      -3.000000
      -1.843622	       2.676483	      -3.000000
      -2.836341	       4.117666	      -3.000000
      -2.471440	       4.346491	      -3.000000
      -1.357330	       2.952991	      -3.000000
      -1.606436	       2.825219	      -3.000000
      -2.471440	       4.346491	      -3.000000
      -2.088200	       4.543063	      -3.000000
      -1.098151	       3.058850	      -3.000000
      -1.357330	       2.952991	      -3.000000
      -2.088200	       4.543063	      -3.000000
      -1.689464	       4.705923	      -3.000000
      -0.830824	       3.142011	      -3.000000
      -1.098151	       3.058850	      -3.000000
      -1.689464	       4.705923	      -3.000000
      -1.278191	       4.833863	      -3.000000
      -0.557332	       3.201856	      -3.000000
      -0.830824	       3.142011	      -3.000000
      -1.278191	       4.833863	      -3.000000
      -0.857434	       4.925932	      -3.000000
      -0.261456	       3.239466	      -3.000000
      -0.557332	       3.201856	      -3.000000
      -0.857434	       4.925932	      -3.000000
      -0.402239	       4.983794	      -3.000000
       0.000000	       3.250000	      -3.000000
      -0.261456	       3.239466	      -3.000000
      -0.402239	       4.983794	      -3.000000
       0.000000	       5.000000	      -3.000000
       0.305852	       3.235576	      -3.000000
       0.000000	       3.250000	      -3.000000
       0.000000	       5.000000	      -3.000000
       0.470542	       4.977810	      -3.000000
       0.594005	       3.195256	      -3.000000
       0.305852	       3.235576	      -3.000000
       0.470542	       4.977810	      -3.000000
       0.913854	       4.915778	      -3.000000
       0.874374	       3.130171	      -3.000000
       0.594005	       3.195256	      -3.000000
       0.913854	       4.915778	      -3.000000
       1.345190	       4.815648	      -3.000000
       1.147885	       3.040536	      -3.000000
       0.874374	       3.130171	      -3.000000
       1.345190	       4.815648	      -3.000000
       1.765976	       4.677748	      -3.000000
       1.412393	       2.927054	      -3.000000
       1.147885	       3.040536	      -3.000000
       1.765976	       4.677748	      -3.000000
       2.172912	       4.503160	      -3.000000
       1.661916	       2.792944	      -3.000000
       1.412393	       2.927054	      -3.000000
       2.172912	       4.503160	      -3.000000
       2.556793	       4.296837	      -3.000000
       1.896118	       2.639552	      -3.000000
       1.661916	       2.792944	      -3.000000
       2.556793	       4.296837	      -3.000000
       2.917104	       4.060850	      -3.000000
       2.116250	       2.466574	      -3.000000
       1.896118	       2.639552	      -3.000000
       2.917104	       4.060850	      -3.000000
       3.255769	       3.794729	      -3.000000
       2.320678	       2.275292	      -3.000000
       2.116250	       2.466574	      -3.000000
       3.255769	       3.794729	      -3.000000
       3.570273	       3.500450	      -3.000000
       2.507885	       2.067127	      -3.000000
       2.320678	       2.275292	      -3.000000
       3.570273	       3.500450	      -3.000000
       3.858285	       3.180195	      -3.000000
       2.676483	       1.843622	      -3.000000
       2.507885	       2.067127	      -3.000000
       3.858285	       3.180195	      -3.000000
       4.117666	       2.836341	      -3.000000
       2.825219	       1.606436	      -3.000000
       2.676483	       1.843622	      -3.000000
       4.117666	       2.836341	      -3.000000
       4.346491	       2.471440	      -3.000000
       2.952991	       1.357330	      -3.000000
       2.825219	       1.606436	      -3.000000
       4.346491	       2.471440	      -3.000000
       4.543063	       2.088200	      -3.000000
       3.058850	       1.098151	      -3.000000
       2.952991	       1.357330	      -3.000000
       4.543063	       2.088200	      -3.000000
       4.705923	       1.689464	      -3.000000
       3.142011	       0.830824	      -3.000000
       3.058850	       1.098151	      -3.000000
       4.705923	       1.689464	      -3.000000
       4.833863	       1.278191	      -3.000000
       3.201856	       0.557332	      -3.000000
       3.142011	       0.830824	      -3.000000
       4.833863	       1.278191	      -3.000000
       4.925932	       0.857434	      -3.000000
       3.239466	       0.261456	      -3.000000
       3.201856	       0.557332	      -3.000000
       4.925932	       0.857434	      -3.000000
       4.983794	       0.402239	      -3.000000
       3.250000	       0.000000	      -3.000000
       3.239466	       0.261456	      -3.000000
       4.983794	       0.402239	      -3.000000
       5.000000	       0.000000	      -3.000000
      -3.235576	       0.305852	       0.000000
      -3.250000	       0.000000	       0.000000
      -3.250000	       0.000000	      -3.000000
      -3.235576	       0.305852	      -3.000000
      -3.195256	       0.594005	       0.000000
      -3.235576	       0.305852	       0.000000
      -3.235576	       0.305852	      -3.000000
      -3.195256	       0.594005	      -3.000000
      -3.130171	       0.874374	       0.000000
      -3.195256	       0.594005	       0.000000
      -3.195256	       0.594005	      -3.000000
      -3.130171	       0.874374	      -3.000000
      -3.040536	       1.147885	       0.000000
      -3.130171	       0.874374	       0.000000
      -3.130171	       0.874374	      -3.000000
      -3.040536	       1.147885	      -3.000000
      -2.927054	       1.412393	       0.000000
      -3.040536	       1.147885	       0.000000
      -3.040536	       1.147885	      -3.000000
      -2.927054	       1.412393	      -3.000000
      -2.792944	       1.661916	       0.000000
      -2.927054	       1.412393	       0.000000
      -2.927054	       1.412393	      -3.000000
      -2.792944	       1.661916	      -3.000000
      -2.639552	       1.896118	       0.000000
      -2.792944	       1.661916	       0.000000
      -2.792944	       1.661916	      -3.000000
      -2.639552	       1.896118	      -3.000000
      -2.466574	       2.116250	       0.000000
      -2.639552	       1.896118	       0.000000
      -2.639552	       1.896118	      -3.000000
      -2.466574	       2.116250	      -3.000000
      -2.275292	       2.320678	       0.000000
      -2.466574	       2.116250	       0.000000
      -2.466574	       2.116250	      -3.000000
      -2.275292	       2.320678	      -3.000000
      -2.067127	       2.507885	       0.000000
      -2.275292	       2.320678	       0.000000
      -2.275292	       2.320678	      -3.000000
      -2.067127	       2.507885	      -3.000000
      -1.843622	       2.676483	       0.000000
      -2.067127	       2.507885	       0.000000
      -2.067127	       2.507885	      -3.000000
      -1.843622	       2.676483	      -3.000000
      -1.606436	       2.825219	       0.000000
      -1.843622	       2.676483	       0.000000
      -1.843622	       2.676483	      -3.000000
      -1.606436	       2.825219	      -3.000000
      -1.357330	       2.952991	       0.000000
      -1.606436	       2.825219	       0.000000
      -1.606436	       2.825219	      -3.000000
      -1.357330	       2.952991	      -3.000000
      -1.098151	       3.058850	       0.000000
      -1.357330	       2.952991	       0.000000
      -1.357330	       2.952991	      -3.000000
      -1.098151	       3.058850	      -3.000000
      -0.830824	       3.142011	       0.000000
      -1.098151	       3.058850	       0.000000
      -1.098151	       3.058850	      -3.000000
      -0.830824	       3.142011	      -3.000000
      -0.557332	       3.201856	       0.000000
      -0.830824	       3.142011	       0.000000
      -0.830824	       3.142011	      -3.000000
      -0.557332	       3.201856	      -3.000000
      -0.261456	       3.239466	       0.000000
      -0.557332	       3.201856	       0.000000
      -0.557332	       3.201856	      -3.000000
      -0.261456	       3.239466	      -3.000000
       0.000000	       3.250000	       0.000000
      -0.261456	       3.239466	       0.000000
      -0.261456	       3.239466	      -3.000000
       0.000000	       3.250000	      -3.000000
       0.305852	       3.235576	       0.000000
       0.000000	       3.250000	       0.000000
       0.000000	       3.250000	      -3.000000
       0.305852	       3.235576	      -3.000000
       0.594005	       3.195256	       0.000000
       0.305852	       3.235576	       0.000000
       0.305852	       3.235576	      -3.000000
       0.594005	       3.195256	      -3.000000
       0.874374	       3.130171	       0.000000
       0.594005	       3.195256	       0.000000
       0.594005	       3.195256	      -3.000000
       0.874374	       3.130171	      -3.000000
       1.147885	       3.040536	       0.000000
       0.874374	       3.130171	       0.000000
       0.874374	       3.130171	      -3.000000
       1.147885	       3.040536	      -3.000000
       1.412393	       2.927054	       0.000000
       1.147885	       3.040536	       0.000000
       1.147885	       3.040536	      -3.000000
       1.412393	       2.927054	      -3.000000
       1.661916	       2.792944	       0.000000
       1.412393	       2.927054	       0.000000
       1.412393	       2.927054	      -3.000000
       1.661916	       2.792944	      -3.000000
       1.896118	       2.639552	       0.000000
       1.661916	       2.792944	       0.000000
       1.661916	       2.792944	      -3.000000
       1.896118	       2.639552	      -3.000000
       2.116250	       2.466574	       0.000000
       1.896118	       2.639552	       0.000000
       1.896118	       2.639552	      -3.000000
       2.116250	       2.466574	      -3.000000
       2.320678	       2.275292	       0.000000
       2.116250	       2.466574	       0.000000
       2.116250	       2.466574	      -3.000000
       2.320678	       2.275292	      -3.000000
       2.507885	       2.067127	       0.000000
       2.320678	       2.275292	       0.000000
       2.320678	       2.275292	      -3.000000
       2.507885	       2.067127	      -3.000000
       2.676483	       1.843622	       0.000000
       2.507885	       2.067127	       0.000000
       2.507885	       2.067127	      -3.000000
       2.676483	       1.843622	      -3.000000
       2.825219	       1.606436	       0.000000
       2.676483	       1.843622	       0.000000
       2.676483	       1.843622	      -3.000000
       2.825219	       1.606436	      -3.000000
       2.952991	       1.357330	       0.000000
       2.825219	       1.606436	       0.000000
       2.825219	       1.606436	      -3.000000
       2.952991	       1.357330	      -3.000000
       3.058850	       1.098151	       0.000000
       2.952991	       1.357330	       0.000000
       2.952991	       1.357330	      -3.000000
       3.058850	       1.098151	      -3.000000
       3.142011	       0.830824	       0.000000
       3.058850	       1.098151	       0.000000
       3.058850	       1.098151	      -3.000000
       3.142011	       0.830824	      -3.000000
       3.201856	       0.557332	       0.000000
       3.142011	       0.830824	       0.000000
       3.142011	       0.830824	      -3.000000
       3.201856	       0.557332	      -3.000000
       3.239466	       0.261456	       0.000000
       3.201856	       0.557332	       0.000000
       3.201856	       0.557332	      -3.000000
       3.239466	       0.261456	      -3.000000
       3.250000	       0.000000	       0.000000
       3.239466	       0.261456	       0.000000
       3.239466	       0.261456	      -3.000000
       3.250000	       0.000000	      -3.000000
         2	         3	         4	         1
         6	         7	         8	         5
        10	        11	        12	         9
        14	        15	        16	        13
        18	        19	        20	        17
        22	        23	        24	        21
        26	        27	        28	        25
        30	        31	        32	        29
        34	        35	        36	        33
        38	        39	        40	        37
        42	        43	        44	        41
        46	        47	        48	        45
        50	        51	        52	        49
        54	        55	        56	        53
        58	        59	        60	        57
        62	        63	        64	        61
        66	        67	        68	        65
        70	        71	        72	        69
        74	        75	        76	        73
        78	        79	        80	        77
        82	        83	        84	        81
        86	        87	        88	        85
        90	        91	        92	        89
        94	        95	        96	        93
        98	        99	       100	        97
       102	       103	       104	       101
       106	       107	       108	       105
       110	       111	       112	       109
       114	       115	       116	       113
       118	       119	       120	       117
       122	       123	       124	       121
       126	       127	       128	       125
       130	       131	       132	       129
       134	       135	       136	       133
       138	       139	       140	       137
       142	       143	       144	       141
       146	       147	       148	       145
       150	       151	       152	       149
       154	       155	       156	       153
       158	       159	       160	       157
       162	       163	       164	       161
       166	       167	       168	       165
       170	       171	       172	       169
       174	       175	       176	       173
       178	       179	       180	       177
       182	       183	       184	       181
       186	       187	       188	       185
       190	       191	       192	       189
       194	       195	       196	       193
       198	       199	       200	       197
       202	       203	       204	       201
       206	       207	       208	       205
       210	       211	       212	       209
       214	       215	       216	       213
       218	       219	       220	       217
       222	       223	       224	       221
       226	       227	       228	       225
       230	       231	       232	       229
       234	       235	       236	       233
       238	       239	       240	       237
       242	       243	       244	       241
       246	       247	       248	       245
       250	       251	       252	       249
       254	       255	       256	       253
       258	       259	       260	       257
       262	       263	       264	       261
       266	       267	       268	       265
       270	       271	       272	       269
       274	       275	       276	       273
       278	       279	       280	       277
       282	       283	       284	       281
       286	       287	       288	       285
       290	       291	       292	       289
       294	       295	       296	       293
       298	       299	       300	       297
       302	       303	       304	       301
       306	       307	       308	       305
       310	       311	       312	       309
       314	       315	       316	       313
       318	       319	       320	       317
       322	       323	       324	       321
       326	       327	       328	       325
       330	       331	       332	       329
       334	       335	       336	       333
       338	       339	       340	       337
       342	       343	       344	       341
       346	       347	       348	       345
       350	       351	       352	       349
       354	       355	       356	       353
       358	       359	       360	       357
       362	       363	       364	       361
       366	       367	       368	       365
       370	       371	       372	       369
       374	       375	       376	       373
       378	       379	       380	       377
       382	       383	       384	       381
       386	       387	       388	       385
       390	       391	       392	       389
       394	       395	       396	       393
       398	       399	       400	       397
       402	       403	       404	       401
       406	       407	       408	       405
       410	       411	       412	       409
       414	       415	       416	       413
       418	       419	       420	       417
       422	       423	       424	       421
       426	       427	       428	       425
       430	       431	       432	       429
       434	       435	       436	       433
       438	       439	       440	       437
       442	       443	       444	       441
       446	       447	       448	       445
       450	       451	       452	       449
       454	       455	       456	       453
       458	       459	       460	       457
       462	       463	       464	       461
       466	       467	       468	       465
       470	       471	       472	       469
       474	       475	       476	       473
       478	       479	       480	       477
       482	       483	       484	       481
       486	       487	       488	       485
       490	       491	       492	       489
       494	       495	       496	       493
       498	       499	       500	       497
       502	       503	       504	       501
       506	       507	       508	       505
       510	       511	       512	       509
       514	       515	       516	       513
       518	       519	       520	       517
       522	       523	       524	       521
       526	       527	       528	       525
       530	       531	       532	       529
       534	       535	       536	       533
       538	       539	       540	       537
       542	       543	       544	       541
       546	       547	       548	       545
       550	       551	       552	       549
       554	       555	       556	       553
       558	       559	       560	       557
       562	       563	       564	       561
       566	       567	       568	       565
       570	       571	       572	       569
       574	       575	       576	       573
       578	       579	       580	       577
       582	       583	       584	       581
       586	       587	       588	       585
       590	       591	       592	       589
       594	       595	       596	       593
       598	       599	       600	       597
       602	       603	       604	       601
       606	       607	       608	       605
       610	       611	       612	       609
       614	       615	       616	       613
       618	       619	       620	       617
       622	       623	       624	       621
       626	       627	       628	       625
       630	       631	       632	       629
       634	       635	       636	       633
       638	       639	       640	       637
       642	       643	       644	       641
       646	       647	       648	       645
       650	       651	       652	       649
       654	       655	       656	       653
       658	       659	       660	       657
       662	       663	       664	       661
       666	       667	       668	       665
       670	       671	       672	       669
       674	       675	       676	       673
       678	       679	       680	       677
       682	       683	       684	       681
       686	       687	       688	       685
       690	       691	       692	       689
       694	       695	       696	       693
       698	       699	       700	       697
       702	       703	       704	       701
       706	       707	       708	       705
       710	       711	       712	       709
       714	       715	       716	       713
       718	       719	       720	       717
       722	       723	       724	       721
       726	       727	       728	       725
       730	       731	       732	       729
       734	       735	       736	       733
       738	       739	       740	       737
       742	       743	       744	       741
       746	       747	       748	       745
       750	       751	       752	       749
       754	       755	       756	       753
       758	       759	       760	       757
       762	       763	       764	       761
       766	       767	       768	       765
       770	       771	       772	       769
       774	       775	       776	       773
       778	       779	       780	       777
       782	       783	       784	       781
       786	       787	       788	       785
       790	       791	       792	       789
       794	       795	       796	       793
       798	       799	       800	       797
       802	       803	       804	       801
       806	       807	       808	       805
       810	       811	       812	       809
       814	       815	       816	       813
       818	       819	       820	       817
       822	       823	       824	       821
       826	       827	       828	       825
       830	       831	       832	       829
       834	       835	       836	       833
       838	       839	       840	       837
       842	       843	       844	       841
       846	       847	       848	       845
       850	       851	       852	       849
       854	       855	       856	       853
       858	       859	       860	       857
       862	       863	       864	       861
