296
252
      -4.700000	       0.000000	    -120.000000
      -4.700000	       0.000000	     -84.000000
      -4.700000	       0.000000	     -48.000000
      -4.700000	       0.000000	     -12.000000
      -4.684766	       0.378105	    -120.000000
      -4.684766	       0.378105	     -84.000000
      -4.684766	       0.378105	     -48.000000
      -4.684766	       0.378105	     -12.000000
      -4.630376	       0.805988	    -120.000000
      -4.630376	       0.805988	     -84.000000
      -4.630376	       0.805988	     -48.000000
      -4.630376	       0.805988	     -12.000000
      -4.543831	       1.201500	    -120.000000
      -4.543831	       1.201500	     -84.000000
      -4.543831	       1.201500	     -48.000000
      -4.543831	       1.201500	     -12.000000
      -4.423568	       1.588096	    -120.000000
      -4.423568	       1.588096	     -84.000000
      -4.423568	       1.588096	     -48.000000
      -4.423568	       1.588096	     -12.000000
      -4.270479	       1.962908	    -120.000000
      -4.270479	       1.962908	     -84.000000
      -4.270479	       1.962908	     -48.000000
      -4.270479	       1.962908	     -12.000000
      -4.085701	       2.323154	    -120.000000
      -4.085701	       2.323154	     -84.000000
      -4.085701	       2.323154	     -48.000000
      -4.085701	       2.323154	     -12.000000
      -3.870606	       2.666161	    -120.000000
      -3.870606	       2.666161	     -84.000000
      -3.870606	       2.666161	     -48.000000
      -3.870606	       2.666161	     -12.000000
      -3.626788	       2.989383	    -120.000000
      -3.626788	       2.989383	     -84.000000
      -3.626788	       2.989383	     -48.000000
      -3.626788	       2.989383	     -12.000000
      -3.356057	       3.290423	    -120.000000
      -3.356057	       3.290423	     -84.000000
      -3.356057	       3.290423	     -48.000000
      -3.356057	       3.290423	     -12.000000
      -3.250000	       0.000000	      -4.000000
      -3.250000	       0.000000	       0.000000
      -3.239466	       0.261456	      -4.000000
      -3.239466	       0.261456	       0.000000
      -3.201856	       0.557332	      -4.000000
      -3.201856	       0.557332	       0.000000
      -3.142011	       0.830824	      -4.000000
      -3.142011	       0.830824	       0.000000
      -3.060423	       3.567045	    -120.000000
      -3.060423	       3.567045	     -84.000000
      -3.060423	       3.567045	     -48.000000
      -3.060423	       3.567045	     -12.000000
      -3.058850	       1.098151	      -4.000000
      -3.058850	       1.098151	       0.000000
      -2.952991	       1.357330	      -4.000000
      -2.952991	       1.357330	       0.000000
      -2.825219	       1.606436	      -4.000000
      -2.825219	       1.606436	       0.000000
      -2.742078	       3.817199	    -120.000000
      -2.742078	       3.817199	     -84.000000
      -2.742078	       3.817199	     -48.000000
      -2.742078	       3.817199	     -12.000000
      -2.676483	       1.843622	      -4.000000
      -2.676483	       1.843622	       0.000000
      -2.507885	       2.067127	      -4.000000
      -2.507885	       2.067127	       0.000000
      -2.403386	       4.039027	    -120.000000
      -2.403386	       4.039027	     -84.000000
      -2.403386	       4.039027	     -48.000000
      -2.403386	       4.039027	     -12.000000
      -2.320678	       2.275292	      -4.000000
      -2.320678	       2.275292	       0.000000
      -2.116250	       2.466574	      -4.000000
      -2.116250	       2.466574	       0.000000
      -2.042537	       4.232971	    -120.000000
      -2.042537	       4.232971	     -84.000000
      -2.042537	       4.232971	     -48.000000
      -2.042537	       4.232971	     -12.000000
      -1.896118	       2.639552	      -4.000000
      -1.896118	       2.639552	       0.000000
      -1.661916	       2.792944	      -4.000000
      -1.661916	       2.792944	       0.000000
      -1.660018	       4.397083	    -120.000000
      -1.660018	       4.397083	     -84.000000
      -1.660018	       4.397083	     -48.000000
      -1.660018	       4.397083	     -12.000000
      -1.412393	       2.927054	      -4.000000
      -1.412393	       2.927054	       0.000000
      -1.264479	       4.526709	    -120.000000
      -1.264479	       4.526709	     -84.000000
      -1.264479	       4.526709	     -48.000000
      -1.264479	       4.526709	     -12.000000
      -1.147885	       3.040536	      -4.000000
      -1.147885	       3.040536	       0.000000
      -0.874374	       3.130171	      -4.000000
      -0.874374	       3.130171	       0.000000
      -0.859022	       4.620831	    -120.000000
      -0.859022	       4.620831	     -84.000000
      -0.859022	       4.620831	     -48.000000
      -0.859022	       4.620831	     -12.000000
      -0.594005	       3.195256	      -4.000000
      -0.594005	       3.195256	       0.000000
      -0.442309	       4.679141	    -120.000000
      -0.442309	       4.679141	     -84.000000
      -0.442309	       4.679141	     -48.000000
      -0.442309	       4.679141	     -12.000000
      -0.305852	       3.235576	      -4.000000
      -0.305852	       3.235576	       0.000000
      -0.000100	       0.000000	    -120.000000
      -0.000100	       0.000000	       0.000000
      -0.000100	       0.000008	    -120.000000
      -0.000100	       0.000008	       0.000000
      -0.000099	       0.000017	    -120.000000
      -0.000099	       0.000017	       0.000000
      -0.000097	       0.000026	    -120.000000
      -0.000097	       0.000026	       0.000000
      -0.000094	       0.000034	    -120.000000
      -0.000094	       0.000034	       0.000000
      -0.000091	       0.000042	    -120.000000
      -0.000091	       0.000042	       0.000000
      -0.000087	       0.000049	    -120.000000
      -0.000087	       0.000049	       0.000000
      -0.000082	       0.000057	    -120.000000
      -0.000082	       0.000057	       0.000000
      -0.000077	       0.000064	    -120.000000
      -0.000077	       0.000064	       0.000000
      -0.000071	       0.000070	    -120.000000
      -0.000071	       0.000070	       0.000000
      -0.000065	       0.000076	    -120.000000
      -0.000065	       0.000076	       0.000000
      -0.000058	       0.000081	    -120.000000
      -0.000058	       0.000081	       0.000000
      -0.000051	       0.000086	    -120.000000
      -0.000051	       0.000086	       0.000000
      -0.000043	       0.000090	    -120.000000
      -0.000043	       0.000090	       0.000000
      -0.000035	       0.000094	    -120.000000
      -0.000035	       0.000094	       0.000000
      -0.000027	       0.000096	    -120.000000
      -0.000027	       0.000096	       0.000000
      -0.000018	       0.000098	    -120.000000
      -0.000018	       0.000098	       0.000000
      -0.000009	       0.000100	    -120.000000
      -0.000009	       0.000100	       0.000000
       0.000000	       0.000100	    -120.000000
       0.000000	       0.000100	       0.000000
       0.000000	       3.250000	      -4.000000
       0.000000	       3.250000	       0.000000
       0.000000	       4.700000	    -120.000000
       0.000000	       4.700000	     -84.000000
       0.000000	       4.700000	     -48.000000
       0.000000	       4.700000	     -12.000000
       0.000008	       0.000100	    -120.000000
       0.000008	       0.000100	       0.000000
       0.000017	       0.000099	    -120.000000
       0.000017	       0.000099	       0.000000
       0.000026	       0.000097	    -120.000000
       0.000026	       0.000097	       0.000000
       0.000034	       0.000094	    -120.000000
       0.000034	       0.000094	       0.000000
       0.000042	       0.000091	    -120.000000
       0.000042	       0.000091	       0.000000
       0.000049	       0.000087	    -120.000000
       0.000049	       0.000087	       0.000000
       0.000057	       0.000082	    -120.000000
       0.000057	       0.000082	       0.000000
       0.000064	       0.000077	    -120.000000
       0.000064	       0.000077	       0.000000
       0.000070	       0.000071	    -120.000000
       0.000070	       0.000071	       0.000000
       0.000076	       0.000065	    -120.000000
       0.000076	       0.000065	       0.000000
       0.000081	       0.000058	    -120.000000
       0.000081	       0.000058	       0.000000
       0.000086	       0.000051	    -120.000000
       0.000086	       0.000051	       0.000000
       0.000090	       0.000043	    -120.000000
       0.000090	       0.000043	       0.000000
       0.000094	       0.000035	    -120.000000
       0.000094	       0.000035	       0.000000
       0.000096	       0.000027	    -120.000000
       0.000096	       0.000027	       0.000000
       0.000098	       0.000018	    -120.000000
       0.000098	       0.000018	       0.000000
       0.000100	       0.000009	    -120.000000
       0.000100	       0.000009	       0.000000
       0.000100	       0.000000	    -120.000000
       0.000100	       0.000000	       0.000000
       0.261456	       3.239466	      -4.000000
       0.261456	       3.239466	       0.000000
       0.378105	       4.684766	    -120.000000
       0.378105	       4.684766	     -84.000000
       0.378105	       4.684766	     -48.000000
       0.378105	       4.684766	     -12.000000
       0.557332	       3.201856	      -4.000000
       0.557332	       3.201856	       0.000000
       0.805988	       4.630376	    -120.000000
       0.805988	       4.630376	     -84.000000
       0.805988	       4.630376	     -48.000000
       0.805988	       4.630376	     -12.000000
       0.830824	       3.142011	      -4.000000
       0.830824	       3.142011	       0.000000
       1.098151	       3.058850	      -4.000000
       1.098151	       3.058850	       0.000000
       1.201500	       4.543831	    -120.000000
       1.201500	       4.543831	     -84.000000
       1.201500	       4.543831	     -48.000000
       1.201500	       4.543831	     -12.000000
       1.357330	       2.952991	      -4.000000
       1.357330	       2.952991	       0.000000
       1.588096	       4.423568	    -120.000000
       1.588096	       4.423568	     -84.000000
       1.588096	       4.423568	     -48.000000
       1.588096	       4.423568	     -12.000000
       1.606436	       2.825219	      -4.000000
       1.606436	       2.825219	       0.000000
       1.843622	       2.676483	      -4.000000
       1.843622	       2.676483	       0.000000
       1.962908	       4.270479	    -120.000000
       1.962908	       4.270479	     -84.000000
       1.962908	       4.270479	     -48.000000
       1.962908	       4.270479	     -12.000000
       2.067127	       2.507885	      -4.000000
       2.067127	       2.507885	       0.000000
       2.275292	       2.320678	      -4.000000
       2.275292	       2.320678	       0.000000
       2.323154	       4.085701	    -120.000000
       2.323154	       4.085701	     -84.000000
       2.323154	       4.085701	     -48.000000
       2.323154	       4.085701	     -12.000000
       2.466574	       2.116250	      -4.000000
       2.466574	       2.116250	       0.000000
       2.639552	       1.896118	      -4.000000
       2.639552	       1.896118	       0.000000
       2.666161	       3.870606	    -120.000000
       2.666161	       3.870606	     -84.000000
       2.666161	       3.870606	     -48.000000
       2.666161	       3.870606	     -12.000000
       2.792944	       1.661916	      -4.000000
       2.792944	       1.661916	       0.000000
       2.927054	       1.412393	      -4.000000
       2.927054	       1.412393	       0.000000
       2.989383	       3.626788	    -120.000000
       2.989383	       3.626788	     -84.000000
       2.989383	       3.626788	     -48.000000
       2.989383	       3.626788	     -12.000000
       3.040536	       1.147885	      -4.000000
       3.040536	       1.147885	       0.000000
       3.130171	       0.874374	      -4.000000
       3.130171	       0.874374	       0.000000
       3.195256	       0.594005	      -4.000000
       3.195256	       0.594005	       0.000000
       3.235576	       0.305852	      -4.000000
       3.235576	       0.305852	       0.000000
       3.250000	       0.000000	      -4.000000
       3.250000	       0.000000	       0.000000
       3.290423	       3.356057	    -120.000000
       3.290423	       3.356057	     -84.000000
       3.290423	       3.356057	     -48.000000
       3.290423	       3.356057	     -12.000000
       3.567045	       3.060423	    -120.000000
       3.567045	       3.060423	     -84.000000
       3.567045	       3.060423	     -48.000000
       3.567045	       3.060423	     -12.000000
       3.817199	       2.742078	    -120.000000
       3.817199	       2.742078	     -84.000000
       3.817199	       2.742078	     -48.000000
       3.817199	       2.742078	     -12.000000
       4.039027	       2.403386	    -120.000000
       4.039027	       2.403386	     -84.000000
       4.039027	       2.403386	     -48.000000
       4.039027	       2.403386	     -12.000000
       4.232971	       2.042537	    -120.000000
       4.232971	       2.042537	     -84.000000
       4.232971	       2.042537	     -48.000000
       4.232971	       2.042537	     -12.000000
       4.397083	       1.660018	    -120.000000
       4.397083	       1.660018	     -84.000000
       4.397083	       1.660018	     -48.000000
       4.397083	       1.660018	     -12.000000
       4.526709	       1.264479	    -120.000000
       4.526709	       1.264479	     -84.000000
       4.526709	       1.264479	     -48.000000
       4.526709	       1.264479	     -12.000000
       4.620831	       0.859022	    -120.000000
       4.620831	       0.859022	     -84.000000
       4.620831	       0.859022	     -48.000000
       4.620831	       0.859022	     -12.000000
       4.679141	       0.442309	    -120.000000
       4.679141	       0.442309	     -84.000000
       4.679141	       0.442309	     -48.000000
       4.679141	       0.442309	     -12.000000
       4.700000	       0.000000	    -120.000000
       4.700000	       0.000000	     -84.000000
       4.700000	       0.000000	     -48.000000
       4.700000	       0.000000	     -12.000000
       253	       254	       256	       255
       251	       252	       254	       253
       249	       250	       252	       251
       247	       248	       250	       249
       241	       242	       248	       247
       239	       240	       242	       241
       233	       234	       240	       239
       231	       232	       234	       233
       225	       226	       232	       231
       223	       224	       226	       225
       217	       218	       224	       223
       215	       216	       218	       217
       209	       210	       216	       215
       203	       204	       210	       209
       201	       202	       204	       203
       195	       196	       202	       201
       189	       190	       196	       195
       147	       148	       190	       189
       107	       108	       148	       147
       101	       102	       108	       107
        95	        96	       102	       101
        93	        94	        96	        95
        87	        88	        94	        93
        81	        82	        88	        87
        79	        80	        82	        81
        73	        74	        80	        79
        71	        72	        74	        73
        65	        66	        72	        71
        63	        64	        66	        65
        57	        58	        64	        63
        55	        56	        58	        57
        53	        54	        56	        55
        47	        48	        54	        53
        45	        46	        48	        47
        43	        44	        46	        45
        41	        42	        44	        43
       292	       253	       255	       296
       288	       251	       253	       292
       284	       249	       251	       288
       280	       247	       249	       284
       276	       241	       247	       280
       272	       239	       241	       276
       268	       233	       239	       272
       264	       231	       233	       268
       260	       225	       231	       264
       246	       223	       225	       260
       238	       217	       223	       246
       230	       215	       217	       238
       222	       209	       215	       230
       214	       203	       209	       222
       208	       201	       203	       214
       200	       195	       201	       208
       194	       189	       195	       200
       152	       147	       189	       194
       106	       107	       147	       152
       100	       101	       107	       106
        92	        95	       101	       100
        86	        93	        95	        92
        78	        87	        93	        86
        70	        81	        87	        78
        62	        79	        81	        70
        52	        73	        79	        62
        40	        71	        73	        52
        36	        65	        71	        40
        32	        63	        65	        36
        28	        57	        63	        32
        24	        55	        57	        28
        20	        53	        55	        24
        16	        47	        53	        20
        12	        45	        47	        16
         8	        43	        45	        12
         4	        41	        43	         8
       291	       292	       296	       295
       290	       291	       295	       294
       289	       290	       294	       293
       287	       288	       292	       291
       286	       287	       291	       290
       285	       286	       290	       289
       283	       284	       288	       287
       282	       283	       287	       286
       281	       282	       286	       285
       279	       280	       284	       283
       278	       279	       283	       282
       277	       278	       282	       281
       275	       276	       280	       279
       274	       275	       279	       278
       273	       274	       278	       277
       271	       272	       276	       275
       270	       271	       275	       274
       269	       270	       274	       273
       267	       268	       272	       271
       266	       267	       271	       270
       265	       266	       270	       269
       263	       264	       268	       267
       262	       263	       267	       266
       261	       262	       266	       265
       259	       260	       264	       263
       258	       259	       263	       262
       257	       258	       262	       261
       245	       246	       260	       259
       244	       245	       259	       258
       243	       244	       258	       257
       237	       238	       246	       245
       236	       237	       245	       244
       235	       236	       244	       243
       229	       230	       238	       237
       228	       229	       237	       236
       227	       228	       236	       235
       221	       222	       230	       229
       220	       221	       229	       228
       219	       220	       228	       227
       213	       214	       222	       221
       212	       213	       221	       220
       211	       212	       220	       219
       207	       208	       214	       213
       206	       207	       213	       212
       205	       206	       212	       211
       199	       200	       208	       207
       198	       199	       207	       206
       197	       198	       206	       205
       193	       194	       200	       199
       192	       193	       199	       198
       191	       192	       198	       197
       151	       152	       194	       193
       150	       151	       193	       192
       149	       150	       192	       191
       105	       106	       152	       151
       104	       105	       151	       150
       103	       104	       150	       149
        99	       100	       106	       105
        98	        99	       105	       104
        97	        98	       104	       103
        91	        92	       100	        99
        90	        91	        99	        98
        89	        90	        98	        97
        85	        86	        92	        91
        84	        85	        91	        90
        83	        84	        90	        89
        77	        78	        86	        85
        76	        77	        85	        84
        75	        76	        84	        83
        69	        70	        78	        77
        68	        69	        77	        76
        67	        68	        76	        75
        61	        62	        70	        69
        60	        61	        69	        68
        59	        60	        68	        67
        51	        52	        62	        61
        50	        51	        61	        60
        49	        50	        60	        59
        39	        40	        52	        51
        38	        39	        51	        50
        37	        38	        50	        49
        35	        36	        40	        39
        34	        35	        39	        38
        33	        34	        38	        37
        31	        32	        36	        35
        30	        31	        35	        34
        29	        30	        34	        33
        27	        28	        32	        31
        26	        27	        31	        30
        25	        26	        30	        29
        23	        24	        28	        27
        22	        23	        27	        26
        21	        22	        26	        25
        19	        20	        24	        23
        18	        19	        23	        22
        17	        18	        22	        21
        15	        16	        20	        19
        14	        15	        19	        18
        13	        14	        18	        17
        11	        12	        16	        15
        10	        11	        15	        14
         9	        10	        14	        13
         7	         8	        12	        11
         6	         7	        11	        10
         5	         6	        10	         9
         3	         4	         8	         7
         2	         3	         7	         6
         1	         2	         6	         5
       185	       289	       293	       187
       183	       285	       289	       185
       181	       281	       285	       183
       179	       277	       281	       181
       177	       273	       277	       179
       175	       269	       273	       177
       173	       265	       269	       175
       171	       261	       265	       173
       169	       257	       261	       171
       167	       243	       257	       169
       165	       235	       243	       167
       163	       227	       235	       165
       161	       219	       227	       163
       159	       211	       219	       161
       157	       205	       211	       159
       155	       197	       205	       157
       153	       191	       197	       155
       145	       149	       191	       153
       143	       103	       149	       145
       141	        97	       103	       143
       139	        89	        97	       141
       137	        83	        89	       139
       135	        75	        83	       137
       133	        67	        75	       135
       131	        59	        67	       133
       129	        49	        59	       131
       127	        37	        49	       129
       125	        33	        37	       127
       123	        29	        33	       125
       121	        25	        29	       123
       119	        21	        25	       121
       117	        17	        21	       119
       115	        13	        17	       117
       113	         9	        13	       115
       111	         5	         9	       113
       109	         1	         5	       111
       254	       186	       188	       256
       252	       184	       186	       254
       250	       182	       184	       252
       248	       180	       182	       250
       242	       178	       180	       248
       240	       176	       178	       242
       234	       174	       176	       240
       232	       172	       174	       234
       226	       170	       172	       232
       224	       168	       170	       226
       218	       166	       168	       224
       216	       164	       166	       218
       210	       162	       164	       216
       204	       160	       162	       210
       202	       158	       160	       204
       196	       156	       158	       202
       190	       154	       156	       196
       148	       146	       154	       190
       108	       144	       146	       148
       102	       142	       144	       108
        96	       140	       142	       102
        94	       138	       140	        96
        88	       136	       138	        94
        82	       134	       136	        88
        80	       132	       134	        82
        74	       130	       132	        80
        72	       128	       130	        74
        66	       126	       128	        72
        64	       124	       126	        66
        58	       122	       124	        64
        56	       120	       122	        58
        54	       118	       120	        56
        48	       116	       118	        54
        46	       114	       116	        48
        44	       112	       114	        46
        42	       110	       112	        44
